0 0.666406 0.582812 0.045312 0.065625
0 0.305469 0.761719 0.070312 0.054688
0 0.482031 0.906250 0.051562 0.062500
1 0.683594 0.709375 0.045312 0.081250
1 0.886719 0.903125 0.045312 0.096875
2 0.379688 0.911719 0.040625 0.054688
0 0.483594 0.713281 0.051562 0.067187
2 0.741406 0.971094 0.057813 0.057813
3 0.777344 0.751563 0.051562 0.050000
3 0.306250 0.849219 0.046875 0.051562
3 0.889844 0.690625 0.045312 0.068750
4 0.819531 0.631250 0.042188 0.053125
4 0.512500 0.723437 0.046875 0.043750
5 0.535156 0.767969 0.064062 0.039062
5 0.732812 0.764844 0.059375 0.035937